10 0 2147497664 0 0 3 255 4 0 3 6 2
12 1 2147497664 0 0 3 255 6 1 3 6 0
19 2 2147497664 0 3 3 5 0 3 6 0
20 2 2147497664 0 3 3 5 0 3 6 0
21 2 2147497664 0 3 3 5 0 3 6 0
22 2 2147497664 0 7460642962343733123 3 3 5 0 3 6 0
23 2 2147497664 0 474848318042382265 3 3 5 0 3 6 0
24 3 3 0 0 3 1 0 0 6 2
25 3 3 0 0 3 1 0 0 6 2
26 3 3 0 0 3 1 0 0 6 2
27 3 3 0 7460642962343733123 0 3 1 0 0 6 2
28 3 3 0 474848318042382265 0 3 1 0 0 6 2
29 3 3 0 2847237752394809344 0 3 1 0 0 6 2
30 3 3 0 0 3 1 0 0 6 2
31 3 3 0 2603968466004486019 0 3 1 0 0 6 2
24 2 2147497664 0 2847237752394809344 3 3 5 0 3 6 0
25 2 2147497664 0 3 3 5 0 3 6 0
26 2 2147497664 0 2603968466004486019 3 3 5 0 3 6 0
60 0 2147499392 0 0 3 255 6 1 3 6 0
73 3 3 0 0 0 3 5 0 0 6 0
74 3 3 0 0 0 3 5 0 0 6 0
75 4 3 3 3 3 3 3 3 0 3 3
75 3 3 0 0 0 3 5 0 0 6 0
76 3 3 0 0 0 3 5 0 0 6 0
77 3 3 0 0 0 3 5 0 0 6 0
78 3 3 0 0 0 3 5 0 0 6 0
79 3 3 0 0 0 3 5 0 0 6 0
80 3 3 0 0 0 3 5 0 0 6 0
327 0 2147499456 0 0 3 255 6 1 3 6 0
350 3 3 0 0 0 3 5 0 0 6 0
351 3 3 0 0 0 3 5 0 0 6 0
352 4 3 3 3 3 3 3 3 0 3 3
352 3 3 0 0 0 3 5 0 0 6 0
353 3 3 0 0 0 3 5 0 0 6 0
354 3 3 0 0 0 3 5 0 0 6 0
355 3 3 0 0 0 3 5 0 0 6 0
356 3 3 0 0 0 3 5 0 0 6 0
357 3 3 0 0 0 3 5 0 0 6 0
815 0 2147499520 0 0 3 255 6 1 3 6 0
828 3 3 0 0 0 3 5 0 0 6 0
829 3 3 0 0 0 3 5 0 0 6 0
830 4 3 3 3 3 3 3 3 0 3 3
830 3 3 0 0 0 3 5 0 0 6 0
831 3 3 0 0 0 3 5 0 0 6 0
832 3 3 0 0 0 3 5 0 0 6 0
833 3 3 0 0 0 3 5 0 0 6 0
834 3 3 0 0 0 3 5 0 0 6 0
835 3 3 0 0 0 3 5 0 0 6 0
1288 0 2147499584 0 0 3 255 6 1 3 6 0
1301 3 3 0 0 0 3 5 0 0 6 0
1302 3 3 0 0 0 3 5 0 0 6 0
1303 4 3 3 3 3 3 3 3 0 3 3
1303 3 3 0 0 0 3 5 0 0 6 0
1304 3 3 0 0 0 3 5 0 0 6 0
1305 3 3 0 0 0 3 5 0 0 6 0
1306 3 3 0 0 0 3 5 0 0 6 0
1307 3 3 0 0 0 3 5 0 0 6 0
1308 3 3 0 0 0 3 5 0 0 6 0
1761 0 2147499648 0 0 3 255 6 1 3 6 0
1774 3 3 0 0 0 3 5 0 0 6 0
1775 3 3 0 0 0 3 5 0 0 6 0
1776 4 3 3 3 3 3 3 3 0 3 3
1776 3 3 0 0 0 3 5 0 0 6 0
1777 3 3 0 0 0 3 5 0 0 6 0
1778 3 3 0 0 0 3 5 0 0 6 0
1779 3 3 0 0 0 3 5 0 0 6 0
1780 3 3 0 0 0 3 5 0 0 6 0
1781 3 3 0 0 0 3 5 0 0 6 0
2006 0 2147497728 0 0 3 255 4 0 3 6 2
2008 1 2147497728 0 0 3 255 6 1 3 6 0
2015 2 2147497728 0 3 3 5 0 3 6 0
2016 2 2147497728 0 3 3 5 0 3 6 0
2017 2 2147497728 0 3 3 5 0 3 6 0
2018 2 2147497728 0 6991104232818640190 3 3 5 0 3 6 0
2019 2 2147497728 0 32898 3 3 5 0 3 6 0
2020 3 3 0 0 3 1 0 0 6 2
2021 3 3 0 0 3 1 0 0 6 2
2022 3 3 0 0 3 1 0 0 6 2
2023 3 3 0 6991104232818640190 0 3 1 0 0 6 2
2024 3 3 0 32898 0 3 1 0 0 6 2
2025 3 3 0 111516199773037 0 3 1 0 0 6 2
2026 3 3 0 8387235725525805421 0 3 1 0 0 6 2
2027 3 3 0 0 0 3 1 0 0 6 2
2020 2 2147497728 0 111516199773037 3 3 5 0 3 6 0
2021 2 2147497728 0 8387235725525805421 3 3 5 0 3 6 0
2022 2 2147497728 0 0 3 3 5 0 3 6 0
